{
 "cells": [
  {
   "cell_type": "code",
   "execution_count": 1,
   "metadata": {},
   "outputs": [],
   "source": [
    "import pandas as pd\n",
    "import numpy as np\n",
    "import random\n",
    "import os\n",
    "from sklearn.linear_model import LogisticRegression\n",
    "from utils import *\n",
    "from preprocessing_utils import *\n",
    "\n",
    "import warnings\n",
    "warnings.filterwarnings(\"ignore\")\n",
    "\n",
    "def seed_everything(seed):\n",
    "    random.seed(seed)\n",
    "    os.environ['PYTHONHASHSEED'] = str(seed)\n",
    "    np.random.seed(seed)\n",
    "\n",
    "seed_everything(42)"
   ]
  },
  {
   "cell_type": "code",
   "execution_count": 2,
   "metadata": {},
   "outputs": [],
   "source": [
    "train_x, train_y, valid_x, valid_y = load_train_valid()"
   ]
  },
  {
   "cell_type": "code",
   "execution_count": 3,
   "metadata": {},
   "outputs": [],
   "source": [
    "train_x, valid_x= preprocessing(train_x, valid_x)"
   ]
  },
  {
   "cell_type": "code",
   "execution_count": 4,
   "metadata": {},
   "outputs": [],
   "source": [
    "model = LogisticRegression(max_iter=100,\n",
    "                           penalty='l2',\n",
    "                           C=1.0)"
   ]
  },
  {
   "cell_type": "code",
   "execution_count": 5,
   "metadata": {},
   "outputs": [
    {
     "data": {
      "text/plain": [
       "array(['A', 'D', 'H'], dtype=object)"
      ]
     },
     "metadata": {},
     "output_type": "display_data"
    },
    {
     "data": {
      "text/plain": [
       "array([[0.31915855, 0.24166505, 0.4391764 ],\n",
       "       [0.38370092, 0.29240121, 0.32389787],\n",
       "       [0.37113594, 0.27340453, 0.35545953],\n",
       "       [0.18706699, 0.26878489, 0.54414812],\n",
       "       [0.24076554, 0.27652197, 0.48271249],\n",
       "       [0.3490594 , 0.29127894, 0.35966166],\n",
       "       [0.2156648 , 0.27163719, 0.51269801],\n",
       "       [0.11621832, 0.22941062, 0.65437106],\n",
       "       [0.40453139, 0.25155734, 0.34391127],\n",
       "       [0.28891361, 0.31022207, 0.40086432],\n",
       "       [0.44055224, 0.29645063, 0.26299713],\n",
       "       [0.19159119, 0.24385383, 0.56455498],\n",
       "       [0.42482511, 0.24837202, 0.32680287],\n",
       "       [0.52736897, 0.25611673, 0.2165143 ],\n",
       "       [0.502316  , 0.2841751 , 0.21350889],\n",
       "       [0.36011656, 0.2496733 , 0.39021014],\n",
       "       [0.15475236, 0.20060345, 0.6446442 ],\n",
       "       [0.40958705, 0.22724041, 0.36317254],\n",
       "       [0.29288209, 0.22649844, 0.48061947],\n",
       "       [0.23922428, 0.2607953 , 0.49998042],\n",
       "       [0.32478686, 0.25167575, 0.42353739],\n",
       "       [0.3896014 , 0.28487633, 0.32552227],\n",
       "       [0.15863709, 0.20594417, 0.63541874],\n",
       "       [0.26409171, 0.29157267, 0.44433562],\n",
       "       [0.16022354, 0.24102739, 0.59874908],\n",
       "       [0.21930035, 0.22658511, 0.55411454],\n",
       "       [0.37511564, 0.29269498, 0.33218937],\n",
       "       [0.19570028, 0.25536217, 0.54893755],\n",
       "       [0.54718747, 0.26218234, 0.19063019],\n",
       "       [0.35126965, 0.28963973, 0.35909062],\n",
       "       [0.42768508, 0.24946307, 0.32285185],\n",
       "       [0.21613364, 0.277305  , 0.50656137],\n",
       "       [0.24585288, 0.30147169, 0.45267544],\n",
       "       [0.30542527, 0.26883152, 0.4257432 ],\n",
       "       [0.35826505, 0.25610719, 0.38562775],\n",
       "       [0.33584549, 0.27897728, 0.38517723],\n",
       "       [0.39053753, 0.23176695, 0.37769552],\n",
       "       [0.35696437, 0.22080565, 0.42222999],\n",
       "       [0.17732384, 0.22549084, 0.59718532],\n",
       "       [0.26179261, 0.26675147, 0.47145592],\n",
       "       [0.32263829, 0.27414277, 0.40321894],\n",
       "       [0.28183429, 0.21677568, 0.50139003],\n",
       "       [0.44779858, 0.24636561, 0.30583581],\n",
       "       [0.26718347, 0.25602918, 0.47678735],\n",
       "       [0.09431139, 0.17522064, 0.73046796],\n",
       "       [0.11871632, 0.17787077, 0.7034129 ],\n",
       "       [0.26578487, 0.28119498, 0.45302015],\n",
       "       [0.31804467, 0.2797546 , 0.40220072],\n",
       "       [0.26344545, 0.24551849, 0.49103606],\n",
       "       [0.40895396, 0.27008993, 0.32095611],\n",
       "       [0.21542762, 0.22726649, 0.55730588],\n",
       "       [0.22612222, 0.20873427, 0.56514351],\n",
       "       [0.37962577, 0.24465858, 0.37571565],\n",
       "       [0.42441161, 0.23494855, 0.34063985],\n",
       "       [0.37899358, 0.26026723, 0.36073919],\n",
       "       [0.56770133, 0.22290679, 0.20939188],\n",
       "       [0.29545527, 0.28758679, 0.41695794],\n",
       "       [0.43859982, 0.27887796, 0.28252222],\n",
       "       [0.34001772, 0.2752611 , 0.38472118],\n",
       "       [0.49857086, 0.27698916, 0.22443998],\n",
       "       [0.40025401, 0.28020628, 0.3195397 ],\n",
       "       [0.40309022, 0.25603392, 0.34087585],\n",
       "       [0.24350749, 0.23128775, 0.52520476],\n",
       "       [0.1532878 , 0.18610649, 0.66060571],\n",
       "       [0.34621717, 0.26887259, 0.38491024],\n",
       "       [0.45081584, 0.25126866, 0.2979155 ],\n",
       "       [0.29028009, 0.22977665, 0.47994326],\n",
       "       [0.31041877, 0.27931766, 0.41026358],\n",
       "       [0.28866138, 0.25262665, 0.45871197],\n",
       "       [0.30704659, 0.23507213, 0.45788128],\n",
       "       [0.22646789, 0.29851694, 0.47501517],\n",
       "       [0.31943715, 0.29461007, 0.38595277],\n",
       "       [0.31612242, 0.29018593, 0.39369166],\n",
       "       [0.24325124, 0.24280445, 0.51394432],\n",
       "       [0.40479709, 0.29621407, 0.29898884],\n",
       "       [0.1609055 , 0.25924246, 0.57985203],\n",
       "       [0.24333731, 0.23482091, 0.52184178],\n",
       "       [0.40113662, 0.24645631, 0.35240707],\n",
       "       [0.2987473 , 0.26917329, 0.43207941],\n",
       "       [0.14926993, 0.20853176, 0.64219831],\n",
       "       [0.35159712, 0.26312578, 0.3852771 ],\n",
       "       [0.1437721 , 0.18753039, 0.6686975 ],\n",
       "       [0.35909452, 0.23826233, 0.40264315],\n",
       "       [0.30470011, 0.22874991, 0.46654997],\n",
       "       [0.44361497, 0.22938953, 0.32699551],\n",
       "       [0.39614565, 0.27521986, 0.32863449],\n",
       "       [0.2241197 , 0.23218728, 0.54369302],\n",
       "       [0.50362423, 0.2412148 , 0.25516097]])"
      ]
     },
     "metadata": {},
     "output_type": "display_data"
    }
   ],
   "source": [
    "model.fit(train_x, train_y) \n",
    "prediction = model.predict_proba(valid_x)\n",
    "\n",
    "display(model.classes_)\n",
    "display(prediction)"
   ]
  },
  {
   "cell_type": "code",
   "execution_count": 6,
   "metadata": {},
   "outputs": [
    {
     "name": "stdout",
     "output_type": "stream",
     "text": [
      "1.0428031102985622\n"
     ]
    }
   ],
   "source": [
    "from sklearn.metrics import log_loss\n",
    "\n",
    "multi_loloss = log_loss(valid_y, prediction)\n",
    "print(multi_loloss)"
   ]
  },
  {
   "cell_type": "code",
   "execution_count": 27,
   "metadata": {},
   "outputs": [],
   "source": [
    "sample_submission = pd.read_csv('/home/workspace/DACON/soccer/Data/sample_submission.csv')\n",
    "sample_submission\n",
    "\n",
    "sample_submission.iloc[:,1:] = prediction\n",
    "sample_submission\n",
    "\n",
    "sample_submission.to_csv('baseline_submission.csv', index=False)"
   ]
  },
  {
   "cell_type": "code",
   "execution_count": 28,
   "metadata": {},
   "outputs": [
    {
     "data": {
      "text/html": [
       "<div>\n",
       "<style scoped>\n",
       "    .dataframe tbody tr th:only-of-type {\n",
       "        vertical-align: middle;\n",
       "    }\n",
       "\n",
       "    .dataframe tbody tr th {\n",
       "        vertical-align: top;\n",
       "    }\n",
       "\n",
       "    .dataframe thead th {\n",
       "        text-align: right;\n",
       "    }\n",
       "</style>\n",
       "<table border=\"1\" class=\"dataframe\">\n",
       "  <thead>\n",
       "    <tr style=\"text-align: right;\">\n",
       "      <th></th>\n",
       "      <th>season</th>\n",
       "      <th>homeTeam</th>\n",
       "      <th>awayTeam</th>\n",
       "      <th>halfTimeGoals(homeTeam)</th>\n",
       "      <th>halfTimeGoals(awayTeam)</th>\n",
       "      <th>shots(homeTeam)</th>\n",
       "      <th>shots(awayTeam)</th>\n",
       "      <th>shotsOnTarget(homeTeam)</th>\n",
       "      <th>shotsOnTarget(awayTeam)</th>\n",
       "      <th>corners(homeTeam)</th>\n",
       "      <th>...</th>\n",
       "      <th>fouls(homeTeam)</th>\n",
       "      <th>fouls(awayTeam)</th>\n",
       "      <th>yellowCards(homeTeam)</th>\n",
       "      <th>yellowCards(awayTeam)</th>\n",
       "      <th>redCards(homeTeam)</th>\n",
       "      <th>redCards(awayTeam)</th>\n",
       "      <th>year</th>\n",
       "      <th>month</th>\n",
       "      <th>day</th>\n",
       "      <th>match</th>\n",
       "    </tr>\n",
       "  </thead>\n",
       "  <tbody>\n",
       "    <tr>\n",
       "      <th>0</th>\n",
       "      <td>202324</td>\n",
       "      <td>36</td>\n",
       "      <td>25</td>\n",
       "      <td>0.668593</td>\n",
       "      <td>0.498192</td>\n",
       "      <td>13.573689</td>\n",
       "      <td>10.699567</td>\n",
       "      <td>5.992053</td>\n",
       "      <td>4.668048</td>\n",
       "      <td>6.090339</td>\n",
       "      <td>...</td>\n",
       "      <td>11.380333</td>\n",
       "      <td>11.886534</td>\n",
       "      <td>1.408524</td>\n",
       "      <td>1.738436</td>\n",
       "      <td>0.059183</td>\n",
       "      <td>0.084523</td>\n",
       "      <td>2023</td>\n",
       "      <td>12</td>\n",
       "      <td>26</td>\n",
       "      <td>1598</td>\n",
       "    </tr>\n",
       "    <tr>\n",
       "      <th>1</th>\n",
       "      <td>202324</td>\n",
       "      <td>10</td>\n",
       "      <td>24</td>\n",
       "      <td>0.250000</td>\n",
       "      <td>0.500000</td>\n",
       "      <td>9.875000</td>\n",
       "      <td>16.500000</td>\n",
       "      <td>3.625000</td>\n",
       "      <td>6.125000</td>\n",
       "      <td>4.750000</td>\n",
       "      <td>...</td>\n",
       "      <td>9.375000</td>\n",
       "      <td>8.125000</td>\n",
       "      <td>0.375000</td>\n",
       "      <td>0.500000</td>\n",
       "      <td>0.000000</td>\n",
       "      <td>0.000000</td>\n",
       "      <td>2023</td>\n",
       "      <td>12</td>\n",
       "      <td>26</td>\n",
       "      <td>334</td>\n",
       "    </tr>\n",
       "    <tr>\n",
       "      <th>2</th>\n",
       "      <td>202324</td>\n",
       "      <td>27</td>\n",
       "      <td>1</td>\n",
       "      <td>1.150000</td>\n",
       "      <td>0.250000</td>\n",
       "      <td>16.500000</td>\n",
       "      <td>7.650000</td>\n",
       "      <td>8.200000</td>\n",
       "      <td>3.700000</td>\n",
       "      <td>6.950000</td>\n",
       "      <td>...</td>\n",
       "      <td>10.400000</td>\n",
       "      <td>12.050000</td>\n",
       "      <td>1.400000</td>\n",
       "      <td>1.300000</td>\n",
       "      <td>0.000000</td>\n",
       "      <td>0.000000</td>\n",
       "      <td>2023</td>\n",
       "      <td>12</td>\n",
       "      <td>26</td>\n",
       "      <td>882</td>\n",
       "    </tr>\n",
       "    <tr>\n",
       "      <th>3</th>\n",
       "      <td>202324</td>\n",
       "      <td>8</td>\n",
       "      <td>46</td>\n",
       "      <td>0.000000</td>\n",
       "      <td>0.000000</td>\n",
       "      <td>11.500000</td>\n",
       "      <td>10.500000</td>\n",
       "      <td>2.000000</td>\n",
       "      <td>3.000000</td>\n",
       "      <td>4.500000</td>\n",
       "      <td>...</td>\n",
       "      <td>8.000000</td>\n",
       "      <td>12.000000</td>\n",
       "      <td>2.500000</td>\n",
       "      <td>3.000000</td>\n",
       "      <td>0.000000</td>\n",
       "      <td>0.500000</td>\n",
       "      <td>2023</td>\n",
       "      <td>12</td>\n",
       "      <td>27</td>\n",
       "      <td>287</td>\n",
       "    </tr>\n",
       "    <tr>\n",
       "      <th>4</th>\n",
       "      <td>202324</td>\n",
       "      <td>13</td>\n",
       "      <td>15</td>\n",
       "      <td>0.909091</td>\n",
       "      <td>0.363636</td>\n",
       "      <td>19.363636</td>\n",
       "      <td>7.454545</td>\n",
       "      <td>7.818182</td>\n",
       "      <td>2.636364</td>\n",
       "      <td>7.181818</td>\n",
       "      <td>...</td>\n",
       "      <td>11.272727</td>\n",
       "      <td>13.181818</td>\n",
       "      <td>1.545455</td>\n",
       "      <td>1.454545</td>\n",
       "      <td>0.000000</td>\n",
       "      <td>0.000000</td>\n",
       "      <td>2023</td>\n",
       "      <td>12</td>\n",
       "      <td>27</td>\n",
       "      <td>426</td>\n",
       "    </tr>\n",
       "    <tr>\n",
       "      <th>...</th>\n",
       "      <td>...</td>\n",
       "      <td>...</td>\n",
       "      <td>...</td>\n",
       "      <td>...</td>\n",
       "      <td>...</td>\n",
       "      <td>...</td>\n",
       "      <td>...</td>\n",
       "      <td>...</td>\n",
       "      <td>...</td>\n",
       "      <td>...</td>\n",
       "      <td>...</td>\n",
       "      <td>...</td>\n",
       "      <td>...</td>\n",
       "      <td>...</td>\n",
       "      <td>...</td>\n",
       "      <td>...</td>\n",
       "      <td>...</td>\n",
       "      <td>...</td>\n",
       "      <td>...</td>\n",
       "      <td>...</td>\n",
       "      <td>...</td>\n",
       "    </tr>\n",
       "    <tr>\n",
       "      <th>83</th>\n",
       "      <td>202324</td>\n",
       "      <td>41</td>\n",
       "      <td>15</td>\n",
       "      <td>0.727273</td>\n",
       "      <td>0.090909</td>\n",
       "      <td>15.545455</td>\n",
       "      <td>9.636364</td>\n",
       "      <td>5.727273</td>\n",
       "      <td>2.909091</td>\n",
       "      <td>5.727273</td>\n",
       "      <td>...</td>\n",
       "      <td>12.090909</td>\n",
       "      <td>11.000000</td>\n",
       "      <td>1.636364</td>\n",
       "      <td>1.818182</td>\n",
       "      <td>0.000000</td>\n",
       "      <td>0.090909</td>\n",
       "      <td>2024</td>\n",
       "      <td>3</td>\n",
       "      <td>2</td>\n",
       "      <td>1369</td>\n",
       "    </tr>\n",
       "    <tr>\n",
       "      <th>84</th>\n",
       "      <td>202324</td>\n",
       "      <td>25</td>\n",
       "      <td>1</td>\n",
       "      <td>0.668593</td>\n",
       "      <td>0.498192</td>\n",
       "      <td>13.573689</td>\n",
       "      <td>10.699567</td>\n",
       "      <td>5.992053</td>\n",
       "      <td>4.668048</td>\n",
       "      <td>6.090339</td>\n",
       "      <td>...</td>\n",
       "      <td>11.380333</td>\n",
       "      <td>11.886534</td>\n",
       "      <td>1.408524</td>\n",
       "      <td>1.738436</td>\n",
       "      <td>0.059183</td>\n",
       "      <td>0.084523</td>\n",
       "      <td>2024</td>\n",
       "      <td>3</td>\n",
       "      <td>2</td>\n",
       "      <td>1592</td>\n",
       "    </tr>\n",
       "    <tr>\n",
       "      <th>85</th>\n",
       "      <td>202324</td>\n",
       "      <td>10</td>\n",
       "      <td>6</td>\n",
       "      <td>1.250000</td>\n",
       "      <td>0.250000</td>\n",
       "      <td>14.000000</td>\n",
       "      <td>16.000000</td>\n",
       "      <td>6.500000</td>\n",
       "      <td>4.500000</td>\n",
       "      <td>5.250000</td>\n",
       "      <td>...</td>\n",
       "      <td>13.500000</td>\n",
       "      <td>10.500000</td>\n",
       "      <td>2.000000</td>\n",
       "      <td>1.250000</td>\n",
       "      <td>0.000000</td>\n",
       "      <td>0.000000</td>\n",
       "      <td>2024</td>\n",
       "      <td>3</td>\n",
       "      <td>3</td>\n",
       "      <td>322</td>\n",
       "    </tr>\n",
       "    <tr>\n",
       "      <th>86</th>\n",
       "      <td>202324</td>\n",
       "      <td>26</td>\n",
       "      <td>27</td>\n",
       "      <td>0.863636</td>\n",
       "      <td>0.545455</td>\n",
       "      <td>14.909091</td>\n",
       "      <td>9.090909</td>\n",
       "      <td>5.590909</td>\n",
       "      <td>4.181818</td>\n",
       "      <td>6.590909</td>\n",
       "      <td>...</td>\n",
       "      <td>11.454545</td>\n",
       "      <td>11.818182</td>\n",
       "      <td>1.818182</td>\n",
       "      <td>1.954545</td>\n",
       "      <td>0.000000</td>\n",
       "      <td>0.181818</td>\n",
       "      <td>2024</td>\n",
       "      <td>3</td>\n",
       "      <td>3</td>\n",
       "      <td>861</td>\n",
       "    </tr>\n",
       "    <tr>\n",
       "      <th>87</th>\n",
       "      <td>202324</td>\n",
       "      <td>36</td>\n",
       "      <td>0</td>\n",
       "      <td>0.666667</td>\n",
       "      <td>0.333333</td>\n",
       "      <td>8.666667</td>\n",
       "      <td>10.666667</td>\n",
       "      <td>3.000000</td>\n",
       "      <td>4.000000</td>\n",
       "      <td>4.666667</td>\n",
       "      <td>...</td>\n",
       "      <td>10.000000</td>\n",
       "      <td>7.666667</td>\n",
       "      <td>2.333333</td>\n",
       "      <td>2.666667</td>\n",
       "      <td>0.000000</td>\n",
       "      <td>0.000000</td>\n",
       "      <td>2024</td>\n",
       "      <td>3</td>\n",
       "      <td>4</td>\n",
       "      <td>1173</td>\n",
       "    </tr>\n",
       "  </tbody>\n",
       "</table>\n",
       "<p>88 rows × 21 columns</p>\n",
       "</div>"
      ],
      "text/plain": [
       "    season  homeTeam  awayTeam  halfTimeGoals(homeTeam)  \\\n",
       "0   202324        36        25                 0.668593   \n",
       "1   202324        10        24                 0.250000   \n",
       "2   202324        27         1                 1.150000   \n",
       "3   202324         8        46                 0.000000   \n",
       "4   202324        13        15                 0.909091   \n",
       "..     ...       ...       ...                      ...   \n",
       "83  202324        41        15                 0.727273   \n",
       "84  202324        25         1                 0.668593   \n",
       "85  202324        10         6                 1.250000   \n",
       "86  202324        26        27                 0.863636   \n",
       "87  202324        36         0                 0.666667   \n",
       "\n",
       "    halfTimeGoals(awayTeam)  shots(homeTeam)  shots(awayTeam)  \\\n",
       "0                  0.498192        13.573689        10.699567   \n",
       "1                  0.500000         9.875000        16.500000   \n",
       "2                  0.250000        16.500000         7.650000   \n",
       "3                  0.000000        11.500000        10.500000   \n",
       "4                  0.363636        19.363636         7.454545   \n",
       "..                      ...              ...              ...   \n",
       "83                 0.090909        15.545455         9.636364   \n",
       "84                 0.498192        13.573689        10.699567   \n",
       "85                 0.250000        14.000000        16.000000   \n",
       "86                 0.545455        14.909091         9.090909   \n",
       "87                 0.333333         8.666667        10.666667   \n",
       "\n",
       "    shotsOnTarget(homeTeam)  shotsOnTarget(awayTeam)  corners(homeTeam)  ...  \\\n",
       "0                  5.992053                 4.668048           6.090339  ...   \n",
       "1                  3.625000                 6.125000           4.750000  ...   \n",
       "2                  8.200000                 3.700000           6.950000  ...   \n",
       "3                  2.000000                 3.000000           4.500000  ...   \n",
       "4                  7.818182                 2.636364           7.181818  ...   \n",
       "..                      ...                      ...                ...  ...   \n",
       "83                 5.727273                 2.909091           5.727273  ...   \n",
       "84                 5.992053                 4.668048           6.090339  ...   \n",
       "85                 6.500000                 4.500000           5.250000  ...   \n",
       "86                 5.590909                 4.181818           6.590909  ...   \n",
       "87                 3.000000                 4.000000           4.666667  ...   \n",
       "\n",
       "    fouls(homeTeam)  fouls(awayTeam)  yellowCards(homeTeam)  \\\n",
       "0         11.380333        11.886534               1.408524   \n",
       "1          9.375000         8.125000               0.375000   \n",
       "2         10.400000        12.050000               1.400000   \n",
       "3          8.000000        12.000000               2.500000   \n",
       "4         11.272727        13.181818               1.545455   \n",
       "..              ...              ...                    ...   \n",
       "83        12.090909        11.000000               1.636364   \n",
       "84        11.380333        11.886534               1.408524   \n",
       "85        13.500000        10.500000               2.000000   \n",
       "86        11.454545        11.818182               1.818182   \n",
       "87        10.000000         7.666667               2.333333   \n",
       "\n",
       "    yellowCards(awayTeam)  redCards(homeTeam)  redCards(awayTeam)  year  \\\n",
       "0                1.738436            0.059183            0.084523  2023   \n",
       "1                0.500000            0.000000            0.000000  2023   \n",
       "2                1.300000            0.000000            0.000000  2023   \n",
       "3                3.000000            0.000000            0.500000  2023   \n",
       "4                1.454545            0.000000            0.000000  2023   \n",
       "..                    ...                 ...                 ...   ...   \n",
       "83               1.818182            0.000000            0.090909  2024   \n",
       "84               1.738436            0.059183            0.084523  2024   \n",
       "85               1.250000            0.000000            0.000000  2024   \n",
       "86               1.954545            0.000000            0.181818  2024   \n",
       "87               2.666667            0.000000            0.000000  2024   \n",
       "\n",
       "    month  day  match  \n",
       "0      12   26   1598  \n",
       "1      12   26    334  \n",
       "2      12   26    882  \n",
       "3      12   27    287  \n",
       "4      12   27    426  \n",
       "..    ...  ...    ...  \n",
       "83      3    2   1369  \n",
       "84      3    2   1592  \n",
       "85      3    3    322  \n",
       "86      3    3    861  \n",
       "87      3    4   1173  \n",
       "\n",
       "[88 rows x 21 columns]"
      ]
     },
     "execution_count": 28,
     "metadata": {},
     "output_type": "execute_result"
    }
   ],
   "source": [
    "# 88 경기\n",
    "test_x"
   ]
  },
  {
   "cell_type": "code",
   "execution_count": null,
   "metadata": {},
   "outputs": [],
   "source": []
  }
 ],
 "metadata": {
  "kernelspec": {
   "display_name": "code_sim",
   "language": "python",
   "name": "python3"
  },
  "language_info": {
   "codemirror_mode": {
    "name": "ipython",
    "version": 3
   },
   "file_extension": ".py",
   "mimetype": "text/x-python",
   "name": "python",
   "nbconvert_exporter": "python",
   "pygments_lexer": "ipython3",
   "version": "3.9.18"
  }
 },
 "nbformat": 4,
 "nbformat_minor": 2
}
